21 
200 730.849976 266.000000 792.080017 0.000000 0.000000 1.000000 
200 733.570007 266.000000 955.020020 0.000000 0.000000 1.000000 
200 733.570007 266.000000 1101.270020 0.000000 0.000000 1.000000 
200 1067.119995 266.000000 1079.640015 0.000000 0.000000 1.000000 
200 1234.859985 266.000000 854.250000 0.000000 0.000000 1.000000 
200 1595.869995 266.000000 958.429993 0.000000 0.000000 1.000000 
200 2230.120117 266.000000 1039.180054 0.000000 0.000000 1.000000 
200 2356.580078 266.000000 734.940002 0.000000 0.000000 1.000000 
200 2669.620117 266.000000 1108.689941 0.000000 0.000000 1.000000 
200 2799.649902 266.000000 1384.579956 0.000000 0.000000 1.000000 
200 3083.830078 266.000000 1199.329956 0.000000 0.000000 1.000000 
200 3083.000000 266.000000 978.390015 0.000000 0.000000 1.000000 
200 3081.500000 266.000000 776.539978 0.000000 0.000000 1.000000 
200 3445.060059 266.000000 905.299988 0.000000 0.000000 1.000000 
200 3520.239990 266.000000 1064.910034 0.000000 0.000000 1.000000 
200 3543.500000 266.000000 881.749023 0.000000 0.000000 1.000000 
200 3811.659912 266.000000 1116.699951 0.000000 0.000000 1.000000 
200 3993.909912 266.097595 0.852000 0.000000 0.000000 1.000000 
200 4155.779785 266.085602 0.700000 0.000000 0.000000 1.000000 
200 4032.979980 266.000000 1408.989990 0.000000 0.000000 1.000000 
203 1067.000000 266.000000 800.0000000 0.000000 0.000000 1.000000
