306
0 
7500.000000 360.000000 303.000000 53.855099 51.431400 
7500.000000 360.000000 403.000000 53.855099 51.431400 
7500.000000 360.000000 503.000000 53.855099 51.431400 
7500.000000 360.000000 603.000000 53.855099 51.431400 
7500.000000 360.000000 703.000000 53.855099 51.431400 
7500.000000 360.000000 803.000000 53.855099 51.431400 
7500.000000 360.000000 903.000000 53.855099 51.431400 
7500.000000 360.000000 1003.000000 53.855099 51.431400 
7500.000000 360.000000 1103.000000 53.855099 51.431400 
7500.000000 360.000000 1203.000000 53.855099 51.431400 
7500.000000 360.000000 1303.000000 53.855099 51.431400 
7500.000000 360.000000 1403.000000 53.855099 51.431400 
7500.000000 360.000000 1503.000000 53.855099 51.431400 
7500.000000 360.000000 1603.000000 53.855099 51.431400 
7500.000000 360.000000 1703.000000 53.855099 51.431400 
7500.000000 360.000000 1803.000000 53.855099 51.431400 
7500.000000 360.000000 2103.000000 53.855099 51.431400 
7500.000000 360.000000 2203.000000 53.855099 51.431400 
7500.000000 360.000000 2303.000000 53.855099 51.431400 
7500.000000 360.000000 2403.000000 53.855099 51.431400 
7500.000000 360.000000 2503.000000 53.855099 51.431400 
7500.000000 360.000000 2603.000000 53.855099 51.431400 
7500.000000 360.000000 2703.000000 53.855099 51.431400 
7500.000000 360.000000 2803.000000 53.855099 51.431400 
7500.000000 360.000000 3203.000000 53.855099 51.431400 
7500.000000 360.000000 3303.000000 53.855099 51.431400 
7500.000000 360.000000 3403.000000 53.855099 51.431400 
7500.000000 360.000000 3503.000000 53.855099 51.431400 
7500.000000 360.000000 3603.000000 53.855099 51.431400 
7500.000000 360.000000 3703.000000 53.855099 51.431400 
7500.000000 360.000000 3803.000000 53.855099 51.431400 
7500.000000 360.000000 4203.000000 53.855099 51.431400 
7500.000000 360.000000 4303.000000 53.855099 51.431400 
7500.000000 360.000000 4403.000000 53.855099 51.431400 
7500.000000 360.000000 4503.000000 53.855099 51.431400 
7500.000000 360.000000 4603.000000 53.855099 51.431400 
7500.000000 360.000000 4703.000000 53.855099 51.431400 
7500.000000 360.000000 4803.000000 53.855099 51.431400 
7500.000000 360.000000 5203.000000 53.855099 51.431400 
7500.000000 360.000000 5303.000000 53.855099 51.431400 
7500.000000 360.000000 5403.000000 53.855099 51.431400 
7500.000000 360.000000 5503.000000 53.855099 51.431400 
7500.000000 360.000000 5603.000000 53.855099 51.431400 
7500.000000 360.000000 5703.000000 53.855099 51.431400 
7500.000000 360.000000 5803.000000 53.855099 51.431400 
7500.000000 360.000000 6303.000000 53.855099 51.431400 
7500.000000 360.000000 6403.000000 53.855099 51.431400 
7500.000000 360.000000 6503.000000 53.855099 51.431400 
7500.000000 360.000000 6603.000000 53.855099 51.431400 
7500.000000 360.000000 6703.000000 53.855099 51.431400 
7500.000000 360.000000 6803.000000 53.855099 51.431400 
7500.000000 360.000000 7303.000000 53.855099 51.431400 
7500.000000 360.000000 7403.000000 53.855099 51.431400 
7500.000000 360.000000 7503.000000 53.855099 51.431400 
7500.000000 360.000000 7603.000000 53.855099 51.431400 
7500.000000 360.000000 7703.000000 53.855099 51.431400 
7500.000000 360.000000 7803.000000 53.855099 51.431400 
6500.000000 360.000000 303.000000 53.855099 51.431400 
6500.000000 360.000000 403.000000 53.855099 51.431400 
6500.000000 360.000000 503.000000 53.855099 51.431400 
6500.000000 360.000000 603.000000 53.855099 51.431400 
6500.000000 360.000000 703.000000 53.855099 51.431400 
6500.000000 360.000000 803.000000 53.855099 51.431400 
6500.000000 360.000000 903.000000 53.855099 51.431400 
6500.000000 360.000000 1003.000000 53.855099 51.431400 
6500.000000 360.000000 1103.000000 53.855099 51.431400 
6500.000000 360.000000 1203.000000 53.855099 51.431400 
6500.000000 360.000000 1303.000000 53.855099 51.431400 
6500.000000 360.000000 1403.000000 53.855099 51.431400 
6500.000000 360.000000 1503.000000 53.855099 51.431400 
6500.000000 360.000000 1603.000000 53.855099 51.431400 
6500.000000 360.000000 1703.000000 53.855099 51.431400 
6500.000000 360.000000 1803.000000 53.855099 51.431400 
6500.000000 360.000000 2103.000000 53.855099 51.431400 
6500.000000 360.000000 2203.000000 53.855099 51.431400 
6500.000000 360.000000 2303.000000 53.855099 51.431400 
6500.000000 360.000000 2403.000000 53.855099 51.431400 
6500.000000 360.000000 2503.000000 53.855099 51.431400 
6500.000000 360.000000 2603.000000 53.855099 51.431400 
6500.000000 360.000000 2703.000000 53.855099 51.431400 
6500.000000 360.000000 2803.000000 53.855099 51.431400 
6500.000000 360.000000 3203.000000 53.855099 51.431400 
6500.000000 360.000000 3303.000000 53.855099 51.431400 
6500.000000 360.000000 3403.000000 53.855099 51.431400 
6500.000000 360.000000 3503.000000 53.855099 51.431400 
6500.000000 360.000000 3603.000000 53.855099 51.431400 
6500.000000 360.000000 3703.000000 53.855099 51.431400 
6500.000000 360.000000 3803.000000 53.855099 51.431400 
6500.000000 360.000000 4203.000000 53.855099 51.431400 
6500.000000 360.000000 4303.000000 53.855099 51.431400 
6500.000000 360.000000 4403.000000 53.855099 51.431400 
6500.000000 360.000000 4503.000000 53.855099 51.431400 
6500.000000 360.000000 4603.000000 53.855099 51.431400 
6500.000000 360.000000 4703.000000 53.855099 51.431400 
6500.000000 360.000000 4803.000000 53.855099 51.431400 
6500.000000 360.000000 5203.000000 53.855099 51.431400 
6500.000000 360.000000 5303.000000 53.855099 51.431400 
6500.000000 360.000000 5403.000000 53.855099 51.431400 
6500.000000 360.000000 5503.000000 53.855099 51.431400 
6500.000000 360.000000 5603.000000 53.855099 51.431400 
6500.000000 360.000000 5703.000000 53.855099 51.431400 
6500.000000 360.000000 5803.000000 53.855099 51.431400 
6500.000000 360.000000 6303.000000 53.855099 51.431400 
6500.000000 360.000000 6403.000000 53.855099 51.431400 
6500.000000 360.000000 6503.000000 53.855099 51.431400 
6500.000000 360.000000 6603.000000 53.855099 51.431400 
6500.000000 360.000000 6703.000000 53.855099 51.431400 
6500.000000 360.000000 6803.000000 53.855099 51.431400 
6500.000000 360.000000 7303.000000 53.855099 51.431400 
6500.000000 360.000000 7403.000000 53.855099 51.431400 
6500.000000 360.000000 7503.000000 53.855099 51.431400 
6500.000000 360.000000 7603.000000 53.855099 51.431400 
6500.000000 360.000000 7703.000000 53.855099 51.431400 
6500.000000 360.000000 7803.000000 53.855099 51.431400 
5500.000000 360.000000 303.000000 53.855099 51.431400 
5500.000000 360.000000 403.000000 53.855099 51.431400 
5500.000000 360.000000 503.000000 53.855099 51.431400 
5500.000000 360.000000 603.000000 53.855099 51.431400 
5500.000000 360.000000 703.000000 53.855099 51.431400 
5500.000000 360.000000 803.000000 53.855099 51.431400 
5500.000000 360.000000 903.000000 53.855099 51.431400 
5500.000000 360.000000 1003.000000 53.855099 51.431400 
5500.000000 360.000000 1103.000000 53.855099 51.431400 
5500.000000 360.000000 1203.000000 53.855099 51.431400 
5500.000000 360.000000 1303.000000 53.855099 51.431400 
5500.000000 360.000000 1403.000000 53.855099 51.431400 
5500.000000 360.000000 1503.000000 53.855099 51.431400 
5500.000000 360.000000 1603.000000 53.855099 51.431400 
5500.000000 360.000000 1703.000000 53.855099 51.431400 
5500.000000 360.000000 1803.000000 53.855099 51.431400 
5500.000000 360.000000 2103.000000 53.855099 51.431400 
5500.000000 360.000000 2203.000000 53.855099 51.431400 
5500.000000 360.000000 2303.000000 53.855099 51.431400 
5500.000000 360.000000 2403.000000 53.855099 51.431400 
5500.000000 360.000000 2503.000000 53.855099 51.431400 
5500.000000 360.000000 2603.000000 53.855099 51.431400 
5500.000000 360.000000 2703.000000 53.855099 51.431400 
5500.000000 360.000000 2803.000000 53.855099 51.431400 
5500.000000 360.000000 3203.000000 53.855099 51.431400 
5500.000000 360.000000 3303.000000 53.855099 51.431400 
5500.000000 360.000000 3403.000000 53.855099 51.431400 
5500.000000 360.000000 3503.000000 53.855099 51.431400 
5500.000000 360.000000 3603.000000 53.855099 51.431400 
5500.000000 360.000000 3703.000000 53.855099 51.431400 
5500.000000 360.000000 3803.000000 53.855099 51.431400 
5500.000000 360.000000 4203.000000 53.855099 51.431400 
5500.000000 360.000000 4303.000000 53.855099 51.431400 
5500.000000 360.000000 4403.000000 53.855099 51.431400 
5500.000000 360.000000 4503.000000 53.855099 51.431400 
5500.000000 360.000000 4603.000000 53.855099 51.431400 
5500.000000 360.000000 4703.000000 53.855099 51.431400 
5500.000000 360.000000 4803.000000 53.855099 51.431400 
5500.000000 360.000000 5203.000000 53.855099 51.431400 
5500.000000 360.000000 5303.000000 53.855099 51.431400 
5500.000000 360.000000 5403.000000 53.855099 51.431400 
5500.000000 360.000000 5503.000000 53.855099 51.431400 
5500.000000 360.000000 5603.000000 53.855099 51.431400 
5500.000000 360.000000 5703.000000 53.855099 51.431400 
5500.000000 360.000000 5803.000000 53.855099 51.431400 
5500.000000 360.000000 6303.000000 53.855099 51.431400 
5500.000000 360.000000 6403.000000 53.855099 51.431400 
5500.000000 360.000000 6503.000000 53.855099 51.431400 
5500.000000 360.000000 6603.000000 53.855099 51.431400 
5500.000000 360.000000 6703.000000 53.855099 51.431400 
5500.000000 360.000000 6803.000000 53.855099 51.431400 
5500.000000 360.000000 7303.000000 53.855099 51.431400 
5500.000000 360.000000 7403.000000 53.855099 51.431400 
5500.000000 360.000000 7503.000000 53.855099 51.431400 
5500.000000 360.000000 7603.000000 53.855099 51.431400 
5500.000000 360.000000 7703.000000 53.855099 51.431400 
5500.000000 360.000000 7803.000000 53.855099 51.431400 
4500.000000 360.000000 303.000000 53.855099 51.431400 
4500.000000 360.000000 403.000000 53.855099 51.431400 
4500.000000 360.000000 503.000000 53.855099 51.431400 
4500.000000 360.000000 603.000000 53.855099 51.431400 
4500.000000 360.000000 703.000000 53.855099 51.431400 
4500.000000 360.000000 803.000000 53.855099 51.431400 
4500.000000 360.000000 903.000000 53.855099 51.431400 
4500.000000 360.000000 1003.000000 53.855099 51.431400 
4500.000000 360.000000 1103.000000 53.855099 51.431400 
4500.000000 360.000000 1203.000000 53.855099 51.431400 
4500.000000 360.000000 1303.000000 53.855099 51.431400 
4500.000000 360.000000 1403.000000 53.855099 51.431400 
4500.000000 360.000000 1503.000000 53.855099 51.431400 
4500.000000 360.000000 1603.000000 53.855099 51.431400 
4500.000000 360.000000 1703.000000 53.855099 51.431400 
4500.000000 360.000000 1803.000000 53.855099 51.431400 
4500.000000 360.000000 2103.000000 53.855099 51.431400 
4500.000000 360.000000 2203.000000 53.855099 51.431400 
4500.000000 360.000000 2303.000000 53.855099 51.431400 
4500.000000 360.000000 2403.000000 53.855099 51.431400 
4500.000000 360.000000 2503.000000 53.855099 51.431400 
4500.000000 360.000000 2603.000000 53.855099 51.431400 
4500.000000 360.000000 2703.000000 53.855099 51.431400 
4500.000000 360.000000 2803.000000 53.855099 51.431400 
4500.000000 360.000000 3203.000000 53.855099 51.431400 
4500.000000 360.000000 3303.000000 53.855099 51.431400 
4500.000000 360.000000 3403.000000 53.855099 51.431400 
4500.000000 360.000000 3503.000000 53.855099 51.431400 
4500.000000 360.000000 3603.000000 53.855099 51.431400 
4500.000000 360.000000 3703.000000 53.855099 51.431400 
4500.000000 360.000000 3803.000000 53.855099 51.431400 
4500.000000 360.000000 4203.000000 53.855099 51.431400 
4500.000000 360.000000 4303.000000 53.855099 51.431400 
4500.000000 360.000000 4403.000000 53.855099 51.431400 
4500.000000 360.000000 4503.000000 53.855099 51.431400 
4500.000000 360.000000 4603.000000 53.855099 51.431400 
4500.000000 360.000000 4703.000000 53.855099 51.431400 
4500.000000 360.000000 4803.000000 53.855099 51.431400 
4500.000000 360.000000 5203.000000 53.855099 51.431400 
4500.000000 360.000000 5303.000000 53.855099 51.431400 
4500.000000 360.000000 5403.000000 53.855099 51.431400 
4500.000000 360.000000 5503.000000 53.855099 51.431400 
4500.000000 360.000000 5603.000000 53.855099 51.431400 
4500.000000 360.000000 5703.000000 53.855099 51.431400 
4500.000000 360.000000 5803.000000 53.855099 51.431400 
4500.000000 360.000000 6303.000000 53.855099 51.431400 
4500.000000 360.000000 6403.000000 53.855099 51.431400 
4500.000000 360.000000 6503.000000 53.855099 51.431400 
4500.000000 360.000000 6603.000000 53.855099 51.431400 
4500.000000 360.000000 6703.000000 53.855099 51.431400 
4500.000000 360.000000 6803.000000 53.855099 51.431400 
4500.000000 360.000000 7303.000000 53.855099 51.431400 
4500.000000 360.000000 7403.000000 53.855099 51.431400 
4500.000000 360.000000 7503.000000 53.855099 51.431400 
4500.000000 360.000000 7603.000000 53.855099 51.431400 
4500.000000 360.000000 7703.000000 53.855099 51.431400 
4500.000000 360.000000 7803.000000 53.855099 51.431400 
1060.000000 360.000000 599.669983 53.855099 51.431400 
561.520020 360.000000 277.299988 53.855099 51.431400 
1413.439941 360.000000 1121.920044 53.855099 51.431400 
1964.469971 360.000000 1200.829956 53.855099 51.431400 
2394.449951 360.000000 1342.609985 53.855099 51.431400 
2011.150024 360.000000 725.669983 53.855099 51.431400 
2011.150024 360.000000 432.000000 53.855099 51.431400 
1781.609985 360.000000 386.000000 53.855099 51.431400 
1540.979980 360.000000 386.019989 53.855099 51.431400 
1547.000000 360.000000 585.000000 53.855099 51.431400 
1770.000000 360.000000 639.000000 53.855099 51.431400 
2603.770020 360.000000 300.269989 53.855099 51.431400 
2650.000000 360.000000 587.000000 53.855099 51.431400 
2824.840088 360.000000 660.000000 53.855099 51.431400 
1757.000000 360.000000 453.000000 53.855099 51.431400 
1757.000000 360.000000 270.000000 53.855099 51.431400 
2027.000000 360.000000 463.000000 53.855099 51.431400 
2027.000000 360.000000 670.000000 53.855099 51.431400 
1624.119995 360.000000 221.839996 53.855099 51.431400 
1760.119995 360.000000 221.000000 53.855099 51.431400 
1860.119995 360.000000 91.000000 53.855099 51.431400 
3189.000000 360.000000 274.000000 53.855099 51.431400 
3224.439941 360.000000 541.000000 53.855099 51.431400 
3503.530029 360.000000 271.799988 53.855099 51.431400 
3764.939941 360.000000 535.000000 53.855099 51.431400 
4030.850098 360.000000 518.000000 53.855099 51.431400 
4030.850098 360.000000 377.000000 53.855099 51.431400 
3900.000000 360.000000 166.619995 53.855099 51.431400 
3300.000000 360.000000 266.000000 53.855099 51.431400 
3500.000000 360.000000 100.000000 53.855099 51.431400 
4000.000000 360.000000 200.000000 53.855099 51.431400 
150.000000 360.000000 1561.000000 53.855099 51.431400 
150.000000 360.000000 1691.000000 53.855099 51.431400 
150.000000 360.000000 1831.000000 53.855099 51.431400 
150.000000 360.000000 1991.000000 53.855099 51.431400 
2354.000000 360.000000 1650.000000 53.855099 51.431400 
2354.000000 360.000000 1780.000000 53.855099 51.431400 
2354.000000 360.000000 1950.000000 53.855099 51.431400 
2354.000000 360.000000 1650.000000 53.855099 51.431400 
3100.000000 360.000000 2066.000000 53.855099 51.431400 
3250.000000 360.000000 2066.000000 53.855099 51.431400 
3400.000000 360.000000 2066.000000 53.855099 51.431400 
3650.000000 360.000000 2066.000000 53.855099 51.431400 
3700.000000 360.000000 2066.000000 53.855099 51.431400 
3250.000000 360.000000 2190.000000 53.855099 51.431400 
3400.000000 360.000000 2340.000000 53.855099 51.431400 
3650.000000 360.000000 2490.000000 53.855099 51.431400 
3700.000000 360.000000 2640.000000 53.855099 51.431400 
3100.000000 360.000000 2866.000000 53.855099 51.431400 
100.000000 360.000000 3100.000000 53.855099 51.431400 
100.000000 360.000000 3250.000000 53.855099 51.431400 
100.000000 360.000000 3400.000000 53.855099 51.431400 
100.000000 360.000000 3550.000000 53.855099 51.431400 
100.000000 360.000000 3700.000000 53.855099 51.431400 
400.000000 360.000000 3100.000000 53.855099 51.431400 
500.000000 360.000000 3250.000000 53.855099 51.431400 
700.000000 360.000000 3400.000000 53.855099 51.431400 
500.000000 360.000000 3550.000000 53.855099 51.431400 
500.000000 360.000000 3700.000000 53.855099 51.431400 
1500.000000 360.000000 3100.000000 53.855099 51.431400 
1500.000000 360.000000 3250.000000 53.855099 51.431400 
1600.000000 360.000000 3400.000000 53.855099 51.431400 
1500.000000 360.000000 3550.000000 53.855099 51.431400 
1500.000000 360.000000 3700.000000 53.855099 51.431400 
1500.000000 360.000000 3100.000000 53.855099 51.431400 
1500.000000 360.000000 3250.000000 53.855099 51.431400 
1700.000000 360.000000 3400.000000 53.855099 51.431400 
1500.000000 360.000000 3550.000000 53.855099 51.431400 
1500.000000 360.000000 3700.000000 53.855099 51.431400 
3100.000000 360.000000 3600.000000 53.855099 51.431400 
3100.000000 360.000000 3750.000000 53.855099 51.431400 
3100.000000 360.000000 3900.000000 53.855099 51.431400 
3100.000000 360.000000 3900.000000 53.855099 51.431400 
3100.000000 360.000000 3900.000000 53.855099 51.431400 
3100.000000 360.000000 3900.000000 53.855099 51.431400 
3100.000000 360.000000 3900.000000 53.855099 51.431400 
980.0000000 270.000000 1951.000000 323.00000 489.00000 
1718.000000 270.000000 1951.000000 237.00000 499.00000
