50
0 
216.000000 325.000000 839.000000 53.855099 51.431400 
304.000000 325.000000 925.000000 53.855099 51.431400 
431.000000 325.000000 944.000000 53.855099 51.431400 
583.000000 325.000000 944.000000 53.855099 51.431400 
221.000000 325.000000 1247.000000 53.855099 51.431400 
221.000000 325.000000 1400.000000 53.855099 51.431400 
261.000000 325.000000 1460.000000 53.855099 51.431400 
241.000000 325.000000 1530.000000 53.855099 51.431400 
510.000000 325.000000 397.000000 53.855099 51.431400 
636.000000 325.000000 452.000000 53.855099 51.431400 
890.000000 325.000000 522.000000 53.855099 51.431400 
1277.000000 325.000000 644.000000 53.855099 51.431400 
1505.000000 325.000000 751.000000 53.855099 51.431400 
1663.000000 325.000000 830.000000 53.855099 51.431400 
1889.000000 325.000000 1228.000000 53.855099 51.431400 
2373.000000 325.000000 1305.000000 53.855099 51.431400 
2409.000000 325.000000 971.000000 53.855099 51.431400 
2896.000000 325.000000 645.000000 53.855099 51.431400 
3118.000000 325.000000 643.000000 53.855099 51.431400 
3115.000000 325.000000 1121.000000 53.855099 51.431400 
6001.000000 325.000000 1972.000000 53.855099 51.431400 
6083.000000 325.000000 2115.000000 53.855099 51.431400 
6086.000000 325.000000 2300.000000 53.855099 51.431400 
6080.000000 325.000000 2450.000000 53.855099 51.431400 
6083.000000 325.000000 2678.000000 53.855099 51.431400 
5973.000000 325.000000 1452.000000 53.855099 51.431400 
6255.000000 325.000000 1675.000000 53.855099 51.431400 
6392.000000 325.000000 1876.000000 53.855099 51.431400 
6390.000000 325.000000 2093.000000 53.855099 51.431400 
6399.000000 325.000000 2341.000000 53.855099 51.431400 
2000.000000 325.000000 2519.000000 53.855099 51.431400 
1969.000000 325.000000 2692.000000 53.855099 51.431400 
1969.000000 325.000000 2857.000000 53.855099 51.431400 
1840.000000 325.000000 2977.000000 53.855099 51.431400 
1840.000000 325.000000 3123.000000 53.855099 51.431400 
1860.000000 325.000000 3274.000000 53.855099 51.431400 
81.000000 325.000000 1253.000000 53.855099 51.431400 
309.000000 325.000000 1728.000000 53.855099 51.431400 
309.000000 325.000000 1911.000000 53.855099 51.431400 
309.000000 325.000000 2037.000000 53.855099 51.431400 
183.000000 325.000000 2204.000000 53.855099 51.431400 
51.000000 325.000000 2310.000000 53.855099 51.431400 
130.000000 325.000000 2685.000000 53.855099 51.431400 
302.000000 325.000000 2685.000000 53.855099 51.431400 
457.000000 325.000000 2676.000000 53.855099 51.431400 
2245.000000 325.000000 1653.000000 53.855099 51.431400 
2245.000000 325.000000 1806.000000 53.855099 51.431400 
2262.000000 325.000000 1996.000000 53.855099 51.431400 
2262.000000 325.000000 2229.000000 53.855099 51.431400 
2112.000000 325.000000 2384.000000 53.855099 51.431400 
